test 1: training data
0.233210118471
0.240730261164
0.232269303178
0.232238707443
0.238262961738
0.233210118471
0.233210118471
0.231256457805
0.23709100531
0.228078579943
0.234915820797

test set 2: test data
0.238976774029
0.233821120183
0.232303767639
0.228157889901
0.234699299182
0.238976774029
0.238976774029
0.230253362347
0.23889914335
0.229838715244
0.234234527315

test set 3: both
0.227380040759
0.230163156699
0.229425706918
0.228680657041
0.233118721316
0.227380040759
0.227380040759
0.231569352792
0.229537877454
0.232907853215
0.23872281654

test set 4: new features
0.228214984242
0.235932146887
0.227859849995
0.229507905639
0.23721675777
0.228214984242
0.228214984242
0.227383358079
0.228927042091
0.232043026986
0.239112910718

test set 5: common 2-grams
0.232889798832
0.24199242293
0.232244349575
0.231807933205
0.239788235435
0.232889798832
0.232889798832
0.231289680918
0.2288290357
0.22956037776
0.233674591266
0.230223263885
